export {
  // Circle-related constants
  pi: 3.14159265358979323846,             // π
  tau: 6.28318530717958647692,            // τ = 2π
  inv_pi: 0.31830988618379067154,         // 1/π
  inv_tau: 0.15915494309189533577,        // 1/τ
  two_pi: 6.28318530717958647692,         // 2π
  half_pi: 1.57079632679489661923,        // π/2
  quarter_pi: 0.78539816339744830962,     // π/4
  deg_to_rad: 0.01745329251994329577,     // π/180
  rad_to_deg: 57.2957795130823208768,     // 180/π
  
  // Exponential and logarithmic constants
  e: 2.71828182845904523536,              // Euler’s number (e)
  ln2: 0.69314718055994530942,            // ln(2)
  ln10: 2.30258509299404568402,           // ln(10)
  log2e: 1.44269504088896340736,          // log₂(e)
  log10e: 0.43429448190325182765,         // log₁₀(e)
  inv_ln2: 1.44269504088896340736,        // 1/ln(2)
  inv_ln10: 0.43429448190325182765,       // 1/ln(10)

  // Golden ratio and related constants
  phi: 1.61803398874989484820,            // Golden ratio (φ)
  inv_phi: 0.61803398874989484820,        // 1/φ
  silver_ratio: 2.41421356237309504880,   // Silver ratio (1 + √2)
  bronze_ratio: 3.30277563773199464656,   // Bronze ratio

  // Square roots of small integers
  sqrt2: 1.41421356237309504880,          // √2
  sqrt3: 1.73205080756887729353,          // √3
  sqrt5: 2.23606797749978969640,          // √5
  sqrt7: 2.64575131106459059050,          // √7
  inv_sqrt2: 0.70710678118654752440,      // 1/√2
  inv_sqrt3: 0.57735026918962576450,      // 1/√3

  // Euler-Mascheroni and related constants
  euler_mascheroni: 0.57721566490153286060, // γ (Euler–Mascheroni constant)
  catalan: 0.91596559417721901505,         // Catalan’s constant
  apery: 1.20205690315959428540,           // Apéry’s constant ζ(3)
  zeta2: 1.64493406684822643647,           // ζ(2) = π²/6
  zeta3: 1.20205690315959428540,           // ζ(3) (Apéry's constant)
  khinchin: 2.68545200106530644530,        // Khinchin’s constant
  omega: 0.56714329040978387299,           // Omega constant (solution to W(1) = 1)

  // Feigenbaum constants (chaos theory)
  feigenbaum_delta: 4.66920160910299067185, // Feigenbaum δ
  feigenbaum_alpha: 2.50290787509589282228, // Feigenbaum α

  // Gelfond and related constants
  gelfond: 23.14069263277926900573,         // Gelfond’s constant e^π
  gelfond_schneider: 2.66514414269022507692, // Gelfond–Schneider constant 2^√2

  // Other notable mathematical constants
  plastic_constant: 1.32471795724474602596, // Plastic number
  laplace_limit: 0.66274341934918158097,   // Laplace limit constant
  champernowne: 0.12345678910111213141,    // Champernowne’s constant
  van_der_corput: 0.61803398874989484820,  // Van der Corput constant

  // Physical and universal constants (dimensionless)
  fine_structure: 0.0072973525693,         // Fine-structure constant α
  inverse_fine_structure: 137.035999139,   // 1/α
  electron_g_factor: -2.00231930436153,    // Electron g-factor
  proton_electron_mass_ratio: 1836.15267343, // Proton/electron mass ratio
  neutron_proton_mass_ratio: 1.00137841917, // Neutron/proton mass ratio

  // Mathematical constants related to primes
  twin_prime: 0.66016181584686957393,      // Twin prime constant
  mertens: 0.26149721284764278375,        // Mertens constant
  brun_twin_prime: 1.9021605823,           // Brun’s constant for twin primes
  brun_prime_quadruple: 0.870588379,       // Brun’s constant for prime quadruples

  // Logarithmic integral related
  li2: 1.04516378011749278484,            // Li(2), logarithmic integral

  // Additional famous irrational numbers
  liouville: 0.11000100000000000000000,    // Liouville's constant
  lemniscate: 2.62205755429211981046,      // Lemniscate constant
  landau_ramanujan: 0.76422365358922066299 // Landau-Ramanujan constant
}
